# GIMP colorrc
# 
# This file holds a list of recently used colors.

(color-history
    (color-rgba 0.89252336448598135 0.77608049939592028 0.41331618892303834 1)
    (color-rgba 0.51764708757400513 0.61568629741668701 0.22745098173618317 1)
    (color-rgba 0.34797641512265376 0.40654205607476634 0.17462209119989966 1)
    (color-rgba 0.60000002384185791 0.49803921580314636 0.019607843831181526 1)
    (color-rgba 0.68180978849300156 0.93457943925233644 0.3826130590227686 1)
    (color-rgba 1 0.99498212381609474 0.73154362416107377 1)
    (color-rgba 0.68627452850341797 0.74901962280273438 0.56862747669219971 1)
    (color-rgba 1 0.98795709715862756 0.83892617449664431 1)
    (color-rgba 0 0 0 1)
    (color-rgba 0.59215688705444336 0.70588237047195435 0.54901963472366333 1)
    (color-rgba 0.25882354378700256 0.26274511218070984 0.25490197539329529 1)
    (color-rgba 1 0.92209747224487237 0.63758389261744974 1)
    (color-rgba 0.729411780834198 0.58039218187332153 0.43529412150382996 1)
    (color-rgba 0.34112149532710279 0.34112149532710279 0.34112149532710279 1)
    (color-rgba 0.98130841121495327 0.76706136984854112 0.57297873674967059 1)
    (color-rgba 0.97647058963775635 0.64313727617263794 0.34117648005485535 1)
    (color-rgba 0.90654205607476634 0.74370090506252051 0.69359593552029108 1)
    (color-rgba 1 0.86142913541255428 0.81879194630872487 1)
    (color-rgba 0.11372549086809158 0.14509804546833038 0.17647059261798859 1)
    (color-rgba 0.91764706373214722 0.76470589637756348 0.71764707565307617 1)
    (color-rgba 0.78039216995239258 0.87058824300765991 0.76470589637756348 1)
    (color-rgba 1 0.57254904508590698 0.13333334028720856 1)
    (color-rgba 0.2289719626168224 0.2289719626168224 0.2289719626168224 1)
    (color-rgba 0.2990654205607477 0.16614744885234395 0 1)
    (color-rgba 0.78971962616822433 0.66016084397132702 0.49821238160948378 1)
    (color-rgba 0.28627452254295349 0.19215686619281769 0.074509806931018829 1)
    (color-rgba 1 1 1 1)
    (color-rgba 0.2429906542056075 0.2429906542056075 0.2429906542056075 1)
    (color-rgba 0.61176472902297974 0.50980395078659058 0 1)
    (color-rgba 0.99655021012356515 1 0.63087248322147649 1)
    (color-rgba 0.29047619047619044 0.29047619047619044 0.29047619047619044 1)
    (color-rgba 0.41560295702974553 0.67757009345794394 0.25920466662485103 1)
    (color-rgba 0.73333334922790527 0.73333334922790527 0.73333334922790527 1)
    (color-rgba 0.71764707565307617 1 1 1)
    (color-rgba 0.86666667461395264 1 1 1)
    (color-rgba 0.35514018691588789 0.28470468098676299 0.23358213636078531 1)
    (color-rgba 0.11321583139936024 0.14689656668235729 0.17757009345794394 1)
    (color-rgba 0.73364485981308414 0.73364485981308414 0.73364485981308414 1)
    (color-rgba 0.86915887850467288 0.75085775786519848 0.50749545254970829 1)
    (color-rgba 0.86915887850467288 0.86915887850467288 0.86915887850467288 1)
    (color-rgba 0.68224299065420557 0.68224299065420557 0.68224299065420557 1)
    (color-rgba 0.86577181208053688 1 1 1)
    (color-rgba 0.71812080536912748 1 1 1)
    (color-rgba 0.82126952267452802 0.8522091844720181 0.94859813084112155 1)
    (color-rgba 0.53082857680486728 0.60849779676546301 0.85046728971962615 1)
    (color-rgba 0.53333336114883423 0.53333336114883423 0.53333336114883423 1)
    (color-rgba 0.41588785046728971 0.26818936151628953 0 1)
    (color-rgba 0.93725490570068359 0.87843137979507446 0.78431373834609985 1)
    (color-rgba 1 0.91155993225867149 0.79865771812080544 1)
    (color-rgba 0.98598130841121501 0.75425520217642117 0.51615128896694484 1)
    (color-rgba 0.13551401869158874 0.13551401869158874 0.13551401869158874 1)
    (color-rgba 0.61960786581039429 0.65882354974746704 0.65098041296005249 1)
    (color-rgba 0.20560747663551404 0.20560747663551404 0.20560747663551404 1)
    (color-rgba 0.29439252336448596 0.1333380424772598 0.10076522611804552 1)
    (color-rgba 1 0.57115975663300511 0.13422818791946312 1)
    (color-rgba 0.11214953271028039 0.11214953271028039 0.11214953271028039 1)
    (color-rgba 0.35238095238095235 0.35238095238095235 0.35238095238095235 1)
    (color-rgba 0.65882354974746704 0.55294120311737061 0.5215686559677124 1)
    (color-rgba 0.31764706969261169 0.22745098173618317 0.18431372940540314 1)
    (color-rgba 0.54901963472366333 0.40392157435417175 0.33725491166114807 1)
    (color-rgba 0.27843138575553894 0.20000000298023224 0.16078431904315948 1)
    (color-rgba 0.42352941632270813 0.30588236451148987 0.25490197539329529 1)
    (color-rgba 0.23364485981308414 0.23364485981308414 0.23364485981308414 1)
    (color-rgba 0.35514018691588789 0.35514018691588789 0.35514018691588789 1)
    (color-rgba 0.34579439252336452 0.21947522159843977 0.2158313993602208 1)
    (color-rgba 0.10747663551401865 0.10747663551401865 0.10747663551401865 1)
    (color-rgba 0.3490196168422699 0.25098037719726562 0.20784313976764679 1)
    (color-rgba 0.35294118523597717 0.25490197539329529 0.21176470816135406 1)
    (color-rgba 0.34509804844856262 0.25882354378700256 0.21960784494876862 1)
    (color-rgba 0.53271028037383172 0.53271028037383172 0.53271028037383172 1)
    (color-rgba 0.35514018691588789 0.2907859248573042 0.2907859248573042 1)
    (color-rgba 0.98130841121495327 0.87790264499522541 0.6651822116289281 1)
    (color-rgba 0.87383177570093462 0.770241356327243 0.55714106504422012 1)
    (color-rgba 0.38317757009345799 0.38317757009345799 0.38317757009345799 1)
    (color-rgba 0.71962616822429903 0.48780028852788054 0.48780028852788054 1)
    (color-rgba 0.92523364485981308 0.33531957598946249 0.33531957598946249 1)
    (color-rgba 0.59047619047619049 0.59047619047619049 0.59047619047619049 1)
    (color-rgba 0.87383177570093462 0.42658425078594814 0.17007464090823565 1)
    (color-rgba 0.27450981736183167 0.031372547149658203 0.16470588743686676 1)
    (color-rgba 0.91588785046728971 0.76330689764529125 0.71918710405820729 1)
    (color-rgba 0.84579439252336452 0.67847108360918951 0.63008844006774134 1)
    (color-rgba 0.59345794392523366 0.43784543482668636 0.3704133475506492 1)
    (color-rgba 0.23364485981308414 0.16482827214809909 0.13328733613498087 1)
    (color-rgba 0.42380952380952386 0.30716923504095522 0.25370910268869457 1)
    (color-rgba 0.73364485981308414 0.71965577134898207 0.54654080160572038 1)
    (color-rgba 0.79439252336448596 0.78243403339349693 0.63444772000250893 1)
    (color-rgba 0.49019607901573181 0.45098039507865906 0.44705882668495178 1)
    (color-rgba 0.56542056074766356 0.51176181970700529 0.22768613184469672 1)
    (color-rgba 0.37383177570093462 0.27055688214846796 0.22580442827573233 1)
    (color-rgba 0.2289719626168224 0.16786035717359371 0.14137866148152792 1)
    (color-rgba 0.27331887201735361 0.031324185332325928 0.16518241766352346 1)
    (color-rgba 0.08321309317799605 0.13680784698659532 0.2635574837310195 1)
    (color-rgba 0.2635574837310195 0.08321309317799605 0.08321309317799605 1))

# end of colorrc
